299.67141530112326
236.17356988288154
314.76885381006923
402.30298564080255
226.5846625276664
226.58630430508194
407.92128155073914
326.7434729152909
203.0525614065048
304.25600435859644
203.65823071875377
203.42702464297432
274.1962271566034
58.67197553422022
77.50821674869673
193.77124707590272
148.71688796655764
281.4247332595274
159.1975924478789
108.76962986647086
396.56487689215544
227.42236995134644
256.7528204687924
107.52518137865431
195.56172754748172
261.0922589709866
134.90064225776973
287.5698018345672
189.9361310081195
220.83062502067233
189.82933877706031
435.2278184508938
248.6502775262066
144.22890710440998
332.2544912103189
127.91563500289777
270.8863595004755
54.03298761202245
117.18139511015696
269.68612358691234
323.84665799954104
267.1368281189971
238.43517176117595
219.88963044107112
102.14780096325725
178.01557916052914
203.93612290402126
355.71222262189156
284.3618289568461
73.6959844637266